2.597723339534784515e+00 2.930039592619486030e-02 1.417802817818839767e+00 1.168116568319205850e+00 1.673397728641730975e+00 1.114319544879832424e+00 5.887589200640952924e+00 2.722226302245955853e-01 2.323310913481500428e+00 9.617616428000771434e-01 3.481518787570234696e-01 2.341469811835589887e+00 1.219483844153835150e+00 2.876330622350757427e+00 1.097462995162289623e+00 5.510396908389026960e-01 1.611086938403961444e+00 2.402671875191902284e+00 6.360997071719640128e-02 1.968500378001223072e-01 3.366421270588272563e+00 4.905381417671246247e-01 1.428264437306436374e+00 3.914344461159864341e+00 8.498801871524583884e-01 2.522160438154630313e-02 8.595540871328996024e-01 1.960025401491887198e-01 4.430947790781874507e-01 1.840426298849754838e+00 4.264831968293839815e+00 1.164936271317703387e+00 1.907018326599054570e+00 7.295092751137532083e+00 4.605413370396129191e-01 5.979005140230090332e-01 1.994706518110088922e+00 3.976867610683179066e-01 1.096535038726336397e+00 2.102523308918848866e+00 1.762479361394257982e+00 2.831756138310193460e+00 3.351149672253989742e+00 4.044688991053559057e+00 2.810711419185557336e+00 4.366863178047150740e+00 4.987820820521492671e+00 1.317962547175234034e-01 1.589380189954078260e+00 1.235155105068730608e+00 3.715084115479969640e+00 1.918859300495302511e+00 2.363217846327371419e+00 1.035043255425738273e+00 3.626658628538799611e+00 1.361327518449763518e+00 1.058967797308712155e+00 1.627164803219248945e+00 2.269560407100562838e+00 1.328805039917068997e+00 1.007795013089947789e+00 5.128763990161421260e-01 4.983760294952013226e-01 1.636544846946255335e-02 1.446209592787633724e+00 1.120158452097888141e-01 8.116177632269725439e-01 5.419448413041518808e-01 1.436634977748625919e-01 7.185764964645281472e-01 2.043834121929027692e+00 3.622152280674330704e+00 3.176797823240843144e+00 1.597293655609573149e+00 1.302771860389191572e+00 6.363091435739927082e-01 8.224704480282185592e-01 1.690081272796188638e-01 6.801022467196423671e-01 1.204156502818396757e-01 3.162140853653134798e-01 1.353699801512547651e+00 5.169839707215536428e+00 5.178814171983873171e-01 1.765516705995850755e+00 6.332292039363651703e+00 5.043790867603094696e+00 1.592468704453473827e-01 3.086775904261653380e+00 4.801523391886026171e-01 1.737434256527830900e+00 4.345188543793785385e+00 5.877045671859337794e-01 4.900337739484048050e-01 9.040448963724454501e-01 2.586217013480489046e-01 2.761131179359738175e-01 3.271307192542565190e-01 1.317437590469711650e-01 3.135474509021040301e+00 2.229260571727465390e+00 8.238177854630357455e-01 1.838210580648951487e+00 2.543754066390678581e+00 5.246038755007076393e-01 2.300312632898299237e-01 1.042223392870235577e+00 5.914054415032137246e-01 4.173650875364768864e-01 3.995007698415642405e-01 1.631027745360141556e-01 2.819171147484153650e+00 1.540279330730677465e+00 3.885254562060880823e-01 4.306039845859342741e+00 1.153063363913193751e+00 9.550573963773915098e-01 3.213194144127948793e+00 5.123658659508296687e-01 7.914132813880606632e-01 5.920527851773409456e-01 1.927764846111445607e+00 2.248126602338987645e+00 8.581882952744427362e-01 2.358193450536958391e+00 1.098128572464245112e+00 2.792055768268255189e+00 1.491809094515751166e+00 1.494040227539300325e+00 4.549893450770285952e-01 1.054262935157232350e+00 1.279857086099758512e-01 1.961892420369603762e+00 3.313217398258471724e-01 6.295870452739779077e-01 7.892945895653401545e-01 1.521480607073709468e+00
2.930039592619486030e-02 1.959050138915121586e-01 3.922282010551495501e-01 8.780988827871519589e-03 2.661057921227307776e-01 2.640092337795891253e-01 8.279230471741219066e-01 2.476132283468609682e-02 2.067364686680416008e-01 2.131941894546299787e-01 4.778872543133137751e-02 4.826350618565678485e-01 3.464243770877975526e-02 3.188202633405628483e-01 3.775127704598966183e-01 2.218402560982564442e-01 4.479139509402831898e-01 5.501459805662020086e-01 1.226651422275107373e-02 1.693441244342537219e-02 2.077394544589167835e-01 4.611779762746637951e-02 2.987817347961740921e-01 8.517338185361357228e-01 9.844209921285197729e-02 1.323929202752521239e-01 2.417746777897677724e-01 7.310420796756270101e-02 9.077082308899214746e-02 5.128863942885890648e-01 4.935343655434975552e-01 2.250239098677517813e-01 4.300090828401734733e-01 1.271420911969676881e+00 1.087020837449124699e-01 9.458725988296824705e-02 3.817897730517387234e-01 9.742447887659726191e-02 5.068574046660541121e-01 1.361421593210399295e-01 7.992161861833274594e-02 3.036467673900005715e-01 6.380498550555203652e-01 6.023551683483666652e-01 4.128290156898327679e-01 9.781806854429753173e-01 8.989287172718682939e-01 1.918758210261082564e-01 2.424586513565085422e-01 2.126033382955898610e-01 6.572522130249308647e-01 3.200426788894044638e-01 1.241007927414283785e-01 3.248220387543087617e-01 5.066419062734071055e-01 2.885730825711159131e-01 1.375678174524486985e-01 1.816477690278330559e-01 2.804019142906608031e-01 2.537836509009600006e-01 1.622865260627681383e-01 9.611203456447811599e-02 1.621605867150431590e-02 2.156226310957591596e-02 1.690336273182458660e-01 3.631232487678269505e-02 1.855457546469988228e-01 1.149011008985114379e-01 2.599658318522452688e-02 2.348464705149577447e-01 4.981435687379651145e-01 6.501512759106949924e-01 5.391485316410725703e-01 1.519945652321923746e-01 2.470548044320854675e-01 6.866066215627644742e-02 2.105776986574161777e-02 4.696512807731710593e-02 7.817525324426279065e-02 3.562561927742135398e-02 1.031765562013793949e-02 1.126863443968162404e-01 8.520195807221185857e-01 9.741080160490875328e-02 2.564331453961419816e-01 1.069198139923611679e+00 8.956529103462524954e-01 7.598111927019936263e-02 5.656325949181109092e-01 6.016751211985598563e-02 3.358982413279688051e-01 5.051146474074431625e-01 1.098774848648882280e-01 4.787916054501667462e-02 2.737220028105126213e-01 1.432130004792601073e-02 7.950662704334331143e-02 9.195037434051200886e-02 1.568158553196720081e-02 5.042077585845624599e-01 2.952434088982334726e-01 2.176962208889425196e-02 6.462240071571856426e-02 6.650905563497881701e-02 9.482274036249369042e-02 3.280088721005932489e-02 7.220191636274557456e-02 8.130778886970732589e-02 2.272469111803139888e-02 4.872361163117881061e-02 1.165530309732680340e-02 3.890327910108793974e-01 4.143787832913193303e-01 3.262102919092171177e-02 4.570847144374605153e-01 2.659327497197226942e-01 1.169613614957071140e-01 3.069612881105916458e-01 3.900232346011981571e-02 1.357266373967851991e-01 1.672783387038616620e-01 1.110921950607784425e-01 3.436458580648160122e-01 3.525958670882832768e-01 1.285321713040668556e-01 1.521510169963127268e-01 4.345432601027331421e-01 2.692594880654626821e-01 2.324403677447391958e-01 9.024834325797391477e-02 8.978233581958465492e-02 1.257845950024019943e-01 1.448841343045830232e-01 4.055520662954840982e-02 4.210314380916364146e-02 1.222511392366883165e-01 2.100033685508800874e-01
1.417802817818839767e+00 3.922282010551495501e-01 1.185311870640791199e+01 1.641472135520777309e+00 7.444377886156126500e+00 3.138289169602627826e+00 1.582325311031094905e+01 8.867664649337025917e-01 7.600648332253013173e+00 4.299355128745518506e+00 1.762845184281157884e+00 8.017331287524248395e+00 2.361585968156722615e+00 7.741880907132042466e+00 4.660511237891343583e+00 1.941968850127510526e+00 4.569155267816300103e+00 8.512259569396134040e+00 1.719020728477930748e-01 7.979469119826712031e-01 9.196864388654981681e+00 9.986513616931864679e-01 7.462377115194363419e+00 1.193170047251834909e+01 3.025182765522659967e+00 1.299944758720626314e+00 2.205684147468886636e+00 5.611628784154593097e-01 6.063513172116740124e-01 6.995856449802965393e+00 8.979418655894530588e+00 3.629704265649638106e+00 4.773697838251595549e+00 2.105558583329437283e+01 1.943343502531519995e+00 2.593840773481334683e+00 7.288586542008369307e+00 1.650317488562038859e+00 6.826978109320546828e+00 4.506061148289996154e+00 3.297193069147707600e+00 4.629964514232882244e+00 9.226752860560008429e+00 8.447030325151709818e+00 8.425365409245932469e+00 1.595324159210385950e+01 1.536750457583117857e+01 1.147182275059332346e+00 3.980464943974379999e+00 2.585080408588324108e+00 7.357672648805145599e+00 4.076544048885866189e+00 4.692258063037235694e+00 5.980141469951345989e+00 9.865263077334446962e+00 2.891807163191732144e+00 2.990515165343619497e+00 5.089016479317749919e+00 4.254348903666366866e+00 3.443658260345173083e+00 2.611308407219541383e+00 1.460481301398406151e+00 4.615823624138412629e-01 4.841847135440232597e-01 3.261646994071943695e+00 1.846156025819777058e-01 2.197702819985547951e+00 1.901605456447748033e+00 1.002679400749253213e+00 2.588317419331265246e+00 8.112720985234382454e+00 9.198634155404278090e+00 8.333756050079921707e+00 3.248060246263437367e+00 3.171802405699999383e+00 1.912270139294880877e+00 1.735632078897767938e+00 6.924449743228952014e-01 6.289098205640564210e-01 3.458273077503170589e-01 5.024876603398324981e-01 3.199305993549505622e+00 1.481217760938875827e+01 1.785559799544575332e+00 3.961152378629769100e+00 1.726199123146230718e+01 1.445799560455944111e+01 8.944313769798372116e-01 1.100489315494932363e+01 1.313512426883995943e+00 5.687431641074663702e+00 1.014388718397536593e+01 1.528373237838163146e+00 3.233110561978491670e-01 1.585088529559517401e+00 5.998847557488119486e-01 4.771549389709556777e-01 1.606083895098812331e+00 7.807023197577928064e-01 7.111431280786424836e+00 4.475781573562061411e+00 1.958025331636257471e+00 2.146254763793546072e+00 4.585001440506634829e+00 3.084981182139377998e-01 6.495772112343269900e-01 1.262433395147054105e+00 1.302784315279342353e+00 1.048598961108607730e+00 6.320340011639825617e-01 5.379812005353251658e-01 5.272070377014764553e+00 6.161626614456332085e+00 8.204879199525622058e-01 9.127860151685618817e+00 3.797147499437552920e+00 1.613019734015097573e+00 7.066344078534541495e+00 1.008785230850608450e+00 2.058336348120089365e+00 3.565439529246176242e+00 4.553509566830348909e+00 6.119293421977291203e+00 4.515087258174705021e+00 5.916984841732262801e+00 3.053077850624154710e+00 5.667428806014633835e+00 6.682954943162578765e+00 3.303833947172668317e+00 1.488639440714487616e+00 2.377584728018193427e+00 1.208093437658423142e+00 4.311371116265783066e+00 5.759449376153508160e-01 1.524352647767477142e+00 1.243619323697521040e+00 3.559184020238810753e+00
1.168116568319205850e+00 8.780988827871519589e-03 1.641472135520777309e+00 3.940133338756560022e+00 1.942453926273070008e+00 1.423855629454674698e+00 8.297043008630696548e+00 3.769965638697980737e-01 3.592487135586797997e+00 2.185603983921812876e+00 4.762716481706716909e-01 2.934626892325938652e+00 1.734721288010705020e+00 4.366111317704882033e+00 5.161276619113949193e-01 8.337856907712951626e-01 1.827448471665064744e+00 2.061821164679113139e+00 1.805184877134457799e-01 3.640628524294532986e-01 4.619198732052224976e+00 1.285925902069313231e+00 2.177203880684352555e+00 4.224954211085472089e+00 3.280055832619163669e-01 4.856938241705969772e-01 8.509969786281457171e-01 3.912447625200308754e-01 5.067166320420691816e-01 3.609807842591445048e+00 5.566633297658980517e+00 1.454756279965098820e+00 2.120981447971259204e+00 1.000988304127764295e+01 1.273127143507142733e+00 8.861808235768091624e-01 3.366402330846174351e+00 6.716237970607279451e-01 1.762940900207643491e+00 2.621588117204481261e+00 1.081442672464835830e+00 3.242306785075983022e+00 3.098974608563332733e+00 4.103087841540844494e+00 4.319524007940534815e+00 7.036735942693901791e+00 7.293417882230822435e+00 7.441940884610561691e-01 2.057178463569234950e+00 6.555603757440048307e-01 2.787118788462151553e+00 1.140636906277518570e+00 2.930103369617686138e+00 2.771815559235618398e+00 4.527724284860263460e+00 1.587023740719236686e+00 9.593109784958929742e-01 1.673271291433616748e+00 2.377452683846040138e+00 1.807380334570630742e+00 8.162767607196178554e-01 3.272194251185230884e-01 6.609817100120540800e-01 1.210851678257416353e-01 1.132038187309382327e+00 5.843261229190788164e-02 4.940536524703295629e-01 1.186020266572806792e+00 3.854106582858913832e-01 5.617240145340398616e-01 2.343651583698559637e+00 4.090372815706965426e+00 4.124869217882532801e+00 2.486332455883562442e+00 1.004771895985977048e+00 5.456237094535957288e-01 6.819811815513870945e-01 5.001047950419991173e-01 9.103785951932160669e-01 4.245745951340741675e-02 3.045826918415796003e-01 1.695018130273653112e+00 7.224404091750478152e+00 7.542280186381332685e-01 1.533495245331191859e+00 8.400111370129675237e+00 6.621281673352742203e+00 3.468865615278274861e-01 3.944797111548740798e+00 5.644924245557645381e-01 7.830559142889982338e-01 6.095562082436646101e+00 5.900574469804464872e-01 8.254969507726718225e-01 9.715982119890812507e-01 2.391174184262357949e-01 3.182558422355765138e-01 7.110628079373435551e-01 4.218028625561634493e-01 3.175930741945814262e+00 1.936670323825513185e+00 5.210922925621374047e-01 1.202388414862918253e+00 2.364982764397011827e+00 7.405209988026564272e-01 3.148197636957187351e-01 4.790301451545576072e-01 2.315351719789800478e-01 1.808590891880134666e-01 5.858391094740380556e-01 3.339656924894156553e-01 2.291190721582517575e+00 2.565743701531539411e+00 6.845998727784996518e-01 5.619014897790538754e+00 1.193549320076254583e+00 1.171041793675285270e+00 4.077710662423569055e+00 4.284044198145433024e-01 5.615787010201679363e-01 1.111974871276120824e+00 2.582628514166481093e+00 3.464787184024444411e+00 1.140639474097881578e+00 2.787240796830602108e+00 5.979866639065122280e-01 2.823786085920322098e+00 2.461167377072626561e+00 1.197402718052904103e+00 5.047732467580069438e-01 1.256362392278290940e+00 5.911891588837955291e-01 2.430505871960912945e+00 1.468954835417187743e-01 5.908918848226173415e-01 5.329469963616494388e-01 1.283758328853390918e+00
1.673397728641730975e+00 2.661057921227307776e-01 7.444377886156126500e+00 1.942453926273070008e+00 1.227496189712718078e+01 3.772941347425740499e+00 1.777869037097613258e+01 1.339717332916174897e+00 7.221204742983491798e+00 4.420024950512336126e+00 9.862638673666511702e-01 7.308330388512222164e+00 3.298336394449110198e+00 9.011803752596861727e+00 4.158707827260543333e+00 1.762810133151718750e+00 4.790546363730832979e+00 8.509470665794859556e+00 3.496732074785836586e-01 7.599790857292404445e-01 1.028594572015363084e+01 1.816142166742613862e+00 7.583479653634047857e+00 1.136680550096961539e+01 2.701179744667487448e+00 1.601484032744974417e+00 2.357083943919334512e+00 6.832676765216363357e-01 9.201876288512456092e-01 7.749135345756628546e+00 1.047160157608694142e+01 2.295916472324355251e+00 5.063479600192740016e+00 2.348676845326565399e+01 1.850528631709308369e+00 2.782995380984842448e+00 9.127397385716491840e+00 1.629054046115232746e+00 7.345839057266918104e+00 4.619584039943687159e+00 3.488423411300604293e+00 4.844847149317057955e+00 9.073451315231457315e+00 9.431628922270984816e+00 7.947386140008360300e+00 1.759790996926422224e+01 1.662842621213642857e+01 2.673951745921469225e+00 4.466082676966294684e+00 3.185699670657515359e+00 9.465151318551008330e+00 4.951301721757310759e+00 5.720036575665890410e+00 6.628473496889877303e+00 1.087306159680885287e+01 3.485064548714424504e+00 3.187299704357799079e+00 4.476858226227212079e+00 3.896064967502770315e+00 3.107384852799978781e+00 2.998206049338006718e+00 1.604394519589333434e+00 1.113335530859185907e+00 5.093789703432315408e-01 4.101567002451496968e+00 2.856019634731717383e-01 2.078619105980145321e+00 2.146198164949173481e+00 8.833891300254140821e-01 2.208993325853265244e+00 6.796222154391021952e+00 8.853865937667936947e+00 8.377755266382790111e+00 5.058559866944070116e+00 2.607972780983472294e+00 2.232471108392739101e+00 2.042062707407712452e+00 9.897611741040711619e-01 1.021345437877869911e+00 4.146287745384377166e-01 5.304129989576877868e-01 3.665596892316979716e+00 1.524925818669738753e+01 2.044367888586811510e+00 3.706071648222708959e+00 2.052852863688545781e+01 1.541300369562906525e+01 7.988216691799998603e-01 1.065165348550481283e+01 1.514275086515144420e+00 6.435490204434897166e+00 9.950206999261416385e+00 1.961681325864751857e+00 4.801242047888604758e-01 2.971465072732735635e+00 7.571645228727234000e-01 1.061605388304144748e+00 2.118737578173360614e+00 7.516494519064618185e-01 8.358972872143116462e+00 4.787437562604811347e+00 2.261132932676567897e+00 2.071030853807608541e+00 3.801943518394050425e+00 5.858287633611889422e-01 7.555034914794162004e-01 1.236718218741071240e+00 1.123435388129272239e+00 9.832745104977723694e-01 5.685572277956824072e-01 8.599786240183568964e-01 7.890326489244614550e+00 5.608782128402639344e+00 9.584496829469343337e-01 9.858394151509472181e+00 3.167773901096293088e+00 2.646712219023168444e+00 6.773186052555784542e+00 1.381951457548620699e+00 1.537235104490382698e+00 3.346752855931487414e+00 5.989314448125460544e+00 6.971785622832181062e+00 4.979585225127450165e+00 6.598669865788776789e+00 2.972359720400723049e+00 7.613401205813157269e+00 8.200727123710430888e+00 2.929050159577483825e+00 1.175144036988005292e+00 2.551340040274395982e+00 2.438553242105534036e+00 4.794767707455585004e+00 7.676489094342676678e-01 9.753181913431172578e-01 1.631648087357635113e+00 3.793296798348762877e+00
1.114319544879832424e+00 2.640092337795891253e-01 3.138289169602627826e+00 1.423855629454674698e+00 3.772941347425740499e+00 6.524274516734502427e+00 1.086905538511652836e+01 8.637601929079020691e-01 4.874633613784236097e+00 1.601423313040013952e+00 7.886568628933599001e-01 4.376584768348330989e+00 2.825162292191409907e+00 8.733589283324448616e+00 3.168107753398802018e+00 1.659154478414797573e+00 1.553913073469899597e+00 3.313767474568140692e+00 3.043886358494630739e-01 1.119903258920463385e+00 6.386821925947847589e+00 1.142015323920723358e+00 2.467359964316551579e+00 7.870193511593286395e+00 1.128826669915300451e+00 1.693485353726427611e+00 1.900683590600753980e+00 1.164154320496410655e+00 4.912775306092354577e-01 4.693310958410656930e+00 7.403834858559308785e+00 2.987610711851582224e+00 3.958046913756495755e+00 1.451512471421525063e+01 9.738556143083336725e-01 8.921370559689681956e-01 4.662662874333375562e+00 7.583222484019147558e-01 4.526680732640663507e+00 3.104755173792938194e+00 1.133512826678624963e+00 5.056028057118282959e+00 5.170384528346858133e+00 7.709634986662136313e+00 5.378944293385861997e+00 1.097581786069526899e+01 1.055013109272058003e+01 1.275746294972564643e+00 2.525118640142157922e+00 1.920098361351304739e+00 7.719085710195257910e+00 3.721368537418706879e+00 4.305522850254645206e+00 4.757764367448579002e+00 6.443165343327767580e+00 3.385651010128161165e+00 1.734842567231499766e+00 3.692332217371451897e+00 3.354767414694436845e+00 2.622664579740785484e+00 2.476926518479257044e+00 9.717997561031119780e-01 1.148189753360126852e+00 2.395996235221958259e-01 2.945828367584913288e+00 1.561953445008966990e-01 2.385809944037102781e+00 1.095844659484868977e+00 7.457836013577442413e-01 2.466490471053877087e+00 5.746228706027577182e+00 5.305754374147459984e+00 5.208952559002328897e+00 2.074691667419870544e+00 2.659339778233515972e+00 1.136606193589213110e+00 1.041586187641874384e+00 6.874184230703993537e-01 1.235682507486314696e+00 8.835938514969476562e-03 5.887505832784014487e-02 2.332443529278803052e+00 9.770873000422751531e+00 7.696747157678511808e-01 3.715514283273004370e+00 1.226150354901283990e+01 9.096387281022954241e+00 9.132924389053247438e-01 4.142528928586833636e+00 5.632388308769323837e-01 3.089346211708060785e+00 6.629731131584693848e+00 7.833292237984765816e-01 1.070381387025043374e+00 2.044331480578752469e+00 8.028738124385417230e-01 7.370675322356960990e-01 1.265590570162781425e+00 3.790047311686022824e-01 5.291566531247144489e+00 3.849004659516930271e+00 1.532552255569199717e+00 1.417986437440934333e+00 3.033790467982058647e+00 9.869548359842462704e-01 2.398192741822779972e-01 8.424186221156606535e-01 6.296227512849578156e-01 3.276378650514676916e-01 7.850706337946551372e-01 7.175446246212336954e-01 5.930321842033672297e+00 2.758883361724078220e+00 5.284411958988434188e-01 6.268950491622448773e+00 2.569266253720268622e+00 2.082424725047817837e+00 5.083536855391233011e+00 9.593158383701082537e-01 1.388337939446559366e+00 1.765658409221878111e+00 4.283439572322097710e+00 5.512248817989064520e+00 2.270101866170343374e+00 2.318544265427923357e+00 2.572608594765721790e+00 4.782988317203478168e+00 3.359796332774555694e+00 2.728046914573476034e+00 8.724112751949836264e-01 1.106560184961435267e+00 1.070068445697976545e+00 3.093469919008187574e+00 2.594964149533734998e-01 8.397296255721113933e-01 9.787447879995183619e-01 2.652876449059756503e+00
5.887589200640952924e+00 8.279230471741219066e-01 1.582325311031094905e+01 8.297043008630696548e+00 1.777869037097613258e+01 1.086905538511652836e+01 5.984253149368017688e+01 2.825325244626817778e+00 2.183716190879516716e+01 1.108236579330977278e+01 4.351492532454041218e+00 2.231381992299793637e+01 1.030427093822459561e+01 3.152890462838140095e+01 1.131685469376382613e+01 6.462879205374442826e+00 1.293719669770623071e+01 2.145544960596502193e+01 9.027272843100090371e-01 3.184586536886618191e+00 2.908473014814899571e+01 4.854646175262025132e+00 1.705543672479929285e+01 3.639535070837708730e+01 6.175690912536816235e+00 5.989789073491468940e+00 6.101631093514495063e+00 2.910490506926886933e+00 3.308219471916783228e+00 2.118204343524612554e+01 3.370128328115258398e+01 1.059259057762110423e+01 1.573299340622047460e+01 7.096338499382008536e+01 6.525568209388263874e+00 6.805969675810159103e+00 2.340418409406911238e+01 4.523890321291920813e+00 1.862771545083989722e+01 1.540207901160410131e+01 8.191345775527176798e+00 1.939485363679711227e+01 2.600545201694677289e+01 3.127885627505458999e+01 2.505025011897280507e+01 4.890392032172491099e+01 4.940005977036724971e+01 5.568999760829149714e+00 1.283001606001528927e+01 7.638230381460007656e+00 2.809707415370204586e+01 1.290462443854699259e+01 1.801933654104840699e+01 2.111617079034021316e+01 3.258192550124043407e+01 1.192244386623285735e+01 8.494097130185277678e+00 1.370058976963243502e+01 1.550726525699377589e+01 1.076952135714159731e+01 7.592552062149376724e+00 4.525693393684312227e+00 3.501850182304456105e+00 1.131483452955348801e+00 9.974252503507704759e+00 9.620950069438950480e-01 5.879841609490326526e+00 6.795572482893851962e+00 3.125817478596103260e+00 7.663826942056181757e+00 2.164244636601360483e+01 2.816607298232728596e+01 2.816859437775463704e+01 1.550628647181120456e+01 1.099159691584389975e+01 4.075975949003100673e+00 4.843397509863867079e+00 2.965279868898500926e+00 4.565949427558209095e+00 1.239877173250931941e+00 1.729217258390188583e+00 1.087948757742394257e+01 4.818283883993223782e+01 5.193262697728088462e+00 1.219352104532623393e+01 6.001492954432161042e+01 4.615958014246353969e+01 3.415074931489681109e+00 2.844250962752359868e+01 3.630430391007837265e+00 1.277350236149006690e+01 3.383699946475620379e+01 4.240425210779672049e+00 4.107028430624313664e+00 9.560111825041991196e+00 2.412295830085054771e+00 2.624777429286752728e+00 5.623203770228978549e+00 1.947088981330580948e+00 2.360977110619931807e+01 1.504066604457039347e+01 5.782361453512456784e+00 6.759064208777399330e+00 1.574669267728061328e+01 4.198174320103579049e+00 1.806791924181518683e+00 4.661222070655936633e+00 3.750607420367182865e+00 2.016487381406416812e+00 2.359882019212630855e+00 2.576010575989473139e+00 2.242958971270403623e+01 1.695748440120047817e+01 3.249377626967654198e+00 3.147800368054755893e+01 1.112413972142311636e+01 7.639918831732108728e+00 2.356468138190059491e+01 3.609057159288503680e+00 6.100828693934441382e+00 8.475047057316231758e+00 1.759321448536859833e+01 2.125989651119096280e+01 1.405274535266112501e+01 1.715362425497933430e+01 8.232421228683945102e+00 2.176115029432786230e+01 2.025967088997558108e+01 1.098318880659160968e+01 5.190121131815875977e+00 7.919362239066602527e+00 4.894978453920540318e+00 1.582309563687063481e+01 1.982204797057729229e+00 3.645883715016326132e+00 6.046793759581480465e+00 1.041863650699053956e+01
2.722226302245955853e-01 2.476132283468609682e-02 8.867664649337025917e-01 3.769965638697980737e-01 1.339717332916174897e+00 8.637601929079020691e-01 2.825325244626817778e+00 1.155365926545676380e+00 1.098937587362195600e+00 4.495019889260839507e-01 1.994860057378615159e-01 1.098758613020653030e+00 7.105909542436888993e-01 1.763416510307390217e+00 7.310091157450441246e-01 4.311352169278275248e-01 5.509898128401700124e-01 1.598673437482479587e+00 7.518192042916101159e-02 9.554673396994262102e-02 1.996615486409928142e+00 1.195563094304343127e-01 7.115138628035906354e-01 1.894005043098569319e+00 2.313562249648024038e-01 4.065594770503376809e-01 2.620142413676754822e-01 4.138488554672244968e-01 9.204965171996704054e-02 1.350201366534748759e+00 1.530738932425904419e+00 4.344631725532742683e-01 1.355088869702814725e+00 4.139432980124381878e+00 4.589748668458896175e-01 3.075450753182927821e-01 1.287297246678025031e+00 1.437243427445273336e-01 1.171453083383638738e+00 8.786809520896529113e-01 4.971724328643957747e-01 1.136318776534557262e+00 1.195551986556669721e+00 2.107148560601210363e+00 1.318967037475061055e+00 2.738599544937862618e+00 2.676935169939027581e+00 5.022019196732034896e-01 6.832578717426325277e-01 5.758185357590405173e-01 1.910629277387597691e+00 7.558418473074013377e-01 9.109359809312239653e-01 8.291124452807943079e-01 1.813971682738948710e+00 9.155363376150291721e-01 6.452829739447648594e-01 4.275587265837360040e-01 8.695081279338460201e-01 4.495019889260839507e-01 8.149004056254803841e-01 3.075774612572586553e-01 2.405861297928661435e-01 6.894451872756408861e-02 7.333723514448010627e-01 2.951080988333834067e-03 3.700533373599094178e-01 1.467681310309988663e-01 2.289985087134665531e-01 4.947754284894004262e-01 1.107212529145080948e+00 1.568069281671485626e+00 1.280703510138290424e+00 7.603113657308621098e-01 5.515247732055195140e-01 9.345313520741550806e-02 2.456920949730186376e-01 1.898714169871552615e-01 3.356974698848080307e-01 4.254976371778844413e-02 1.382719700890252873e-03 6.063472783070589234e-01 2.838706200718992712e+00 3.710885038684488269e-01 6.815570783745407146e-01 3.593113809750217769e+00 2.726041215545900620e+00 2.386149517645764773e-01 1.471230618886055996e+00 2.710523321696890475e-01 1.043519249041078067e+00 1.886661802504649987e+00 2.255071963558444026e-01 1.628947311167407153e-01 5.881963318887336589e-01 6.032872841661957898e-03 1.402212017324159787e-01 4.547981034393439037e-01 2.434114981266919109e-01 1.747231989359408821e+00 9.738372431623145697e-01 6.923178843359548140e-02 2.750478767044266526e-01 7.200370226079331193e-01 1.104227795916532529e-01 7.962832239901310172e-02 2.923901154080223996e-01 2.060779177719721800e-01 4.312300875215151208e-02 3.441840852768511538e-02 1.924838988518144112e-01 1.794871194905792722e+00 1.064469359513941171e+00 1.670181649261469614e-01 1.540326736857299927e+00 5.553452373178763279e-01 4.120307219812626154e-01 1.444437835834330830e+00 1.221395855852006052e-01 1.955694227315120104e-01 6.955088931292253696e-01 1.135290083118436488e+00 9.740226113724824719e-01 1.036849183529459983e+00 1.028464853873332752e+00 4.863491349022910915e-01 1.540182181460555189e+00 1.072437942398483557e+00 5.487340501754041089e-01 2.885133427249075289e-01 3.750006010580572702e-01 3.817230064619530072e-01 7.534841287861436809e-01 1.616054573046950271e-01 2.905579660966320921e-01 1.946874129036005596e-01 8.132292937376419673e-01
2.323310913481500428e+00 2.067364686680416008e-01 7.600648332253013173e+00 3.592487135586797997e+00 7.221204742983491798e+00 4.874633613784236097e+00 2.183716190879516716e+01 1.098937587362195600e+00 1.362527675568409613e+01 4.502152062320543102e+00 1.947382911231553271e+00 9.639665575061764358e+00 4.554218159437675162e+00 1.349225250588021119e+01 4.956248885280120753e+00 2.707363774460492145e+00 4.512817869333627385e+00 7.938395728294967313e+00 2.888908224656512314e-01 1.467287610274164322e+00 1.227960296480560309e+01 2.145594072914827954e+00 7.362839417216979321e+00 1.429247979829715476e+01 2.144625331114030864e+00 1.913829347995684715e+00 2.776567711210476741e+00 1.325940401059060303e+00 1.223945298342279386e+00 8.797052097408091242e+00 1.291486057932043785e+01 5.064482119080819800e+00 6.020103034183928337e+00 2.680164268178087283e+01 2.608175006073935265e+00 3.082048485024983187e+00 9.092449000874282206e+00 1.757596105313559143e+00 6.654495136374024788e+00 6.447575240373185856e+00 3.084887097057264160e+00 7.481949152043693374e+00 1.006322469612204706e+01 1.265299043079176045e+01 1.077791159406541865e+01 1.967382642835208273e+01 1.960474406926326196e+01 1.876983816946322658e+00 4.361690813230558739e+00 3.332538502006488823e+00 1.011420711726983335e+01 4.522078620231577695e+00 7.651629229612854743e+00 8.728836637689038724e+00 1.333957136460033333e+01 5.436859395429221031e+00 2.781733183108141994e+00 6.125989699598010318e+00 7.071188417541058868e+00 4.776354848841111611e+00 3.540287244091213648e+00 2.052003200172292985e+00 1.611054867981832173e+00 4.221000206096528484e-01 4.486428689731390307e+00 3.615494737634871725e-01 2.231834861687335803e+00 2.653062673996565035e+00 1.216427873342474042e+00 3.319030256619094565e+00 9.886633268843505462e+00 1.106919581243462147e+01 1.005707699600336724e+01 5.488014113261171723e+00 4.496717368702369377e+00 1.665040372172743588e+00 2.345181219443559062e+00 1.082894007361328015e+00 1.649326098474293234e+00 4.791031634695801511e-01 6.486939014547197235e-01 4.602032523961828936e+00 1.839280118610460235e+01 1.949821073575570329e+00 5.341260160515562738e+00 2.243202395647842096e+01 1.883205535417160803e+01 9.452946134535631373e-01 1.109931793367315223e+01 1.238949390849878318e+00 5.234320247075537225e+00 1.450823074251464107e+01 1.441422126184224828e+00 1.426645465862636186e+00 3.266466258532330080e+00 1.063577157627393133e+00 8.330925063339289505e-01 2.047377695590447022e+00 7.261734690675846204e-01 9.582953513552094904e+00 5.984375243963097724e+00 2.781173226704050983e+00 3.089287559068606193e+00 7.104872342970985244e+00 1.373955841260598554e+00 5.972642813066422196e-01 1.693619410563970362e+00 1.461400136729700927e+00 9.346039989124277358e-01 1.249066447633589982e+00 1.264297502082279312e+00 9.069769955490803781e+00 7.022638943830943781e+00 8.759328001406596620e-01 1.324865126721259401e+01 4.732298826859847374e+00 3.081235024197437777e+00 1.009626844637927690e+01 1.497210856835967663e+00 2.441844710760371573e+00 3.168983357831705483e+00 7.689037898621328360e+00 8.428263784219527821e+00 4.553922178743914806e+00 7.126752876925259272e+00 4.563718509023589220e+00 8.382414791448457692e+00 7.002209426140568738e+00 4.163426481882997798e+00 2.327116969740832708e+00 3.497580815622004735e+00 1.562655552086290811e+00 6.462359980599098108e+00 6.365411051156586453e-01 1.299559541070122171e+00 1.737242630674727062e+00 4.725300975552823246e+00
9.617616428000771434e-01 2.131941894546299787e-01 4.299355128745518506e+00 2.185603983921812876e+00 4.420024950512336126e+00 1.601423313040013952e+00 1.108236579330977278e+01 4.495019889260839507e-01 4.502152062320543102e+00 6.617404940305300798e+00 6.865021825316016679e-01 5.826993733658790475e+00 2.323800517447835112e+00 5.824629060776885581e+00 2.603111997404594646e+00 1.545697599795041066e+00 3.199925297286915438e+00 5.521343458662308912e+00 2.513730063124426928e-01 6.047506632827884809e-01 6.102384138007357350e+00 1.094702656569493948e+00 4.319980967279454021e+00 7.752137723808132819e+00 1.431977814314351782e+00 8.021527461746246201e-01 1.272837703278979715e+00 3.017771721790583062e-01 8.041677205760365821e-01 4.603573830948312740e+00 6.610160857506008902e+00 2.209190031436420121e+00 3.147794147187722213e+00 1.461127355716662102e+01 1.534642342822172489e+00 1.935885080497509625e+00 5.319736171423884663e+00 1.072643547497655003e+00 4.856118099008871702e+00 3.467274703009137315e+00 1.923902737477247271e+00 3.528992636795026172e+00 4.652461398911553303e+00 4.460200790897032697e+00 5.196030105861682458e+00 1.077845838589398930e+01 1.073312842714368109e+01 1.572168457882378911e+00 2.701211744220195055e+00 1.715815829814014259e+00 4.379107966346404091e+00 2.642217645155748862e+00 3.168947019212820404e+00 3.718426904616183304e+00 6.208641549430955031e+00 2.264507770979507839e+00 1.269162784021463430e+00 2.165663044452851960e+00 2.607560162049190833e+00 2.552135308103149924e+00 1.280356411428454688e+00 7.029729627149816640e-01 4.655022662609936135e-01 2.587521827598421309e-01 1.714234231885138016e+00 2.534347089560152200e-01 9.015927832504021522e-01 1.326862693337449661e+00 4.380176180571606070e-01 9.444322636737443322e-01 4.639466591116556238e+00 5.667675882994417158e+00 6.048797980751664305e+00 3.766297735624298149e+00 1.346061732576669723e+00 9.794722105524157341e-01 1.304450567919842818e+00 6.054695146911468484e-01 4.514126101630114851e-01 2.133158419138238282e-01 3.239647441984722098e-01 1.689867887336847119e+00 1.005254323360480306e+01 1.305796040630890387e+00 1.756565069975781546e+00 1.279885245221398016e+01 1.013933137822792041e+01 7.671248597653997914e-01 7.156359173769965665e+00 9.823215348379978895e-01 2.664332188677928759e+00 7.209257820763258273e+00 8.975412580563062459e-01 4.055733957585799243e-01 1.377488458450907283e+00 4.045243735272475161e-01 5.597493513261875275e-01 1.207477123165524802e+00 4.754405326762469186e-01 5.247976729181027089e+00 2.530997788957814354e+00 1.046805772430668524e+00 1.619926094018462770e+00 2.890756488198101604e+00 5.212609478848053701e-01 4.933470867155119732e-01 1.029914957735438508e+00 6.264688995150740070e-01 5.311378718716849301e-01 5.877245804672817098e-01 4.317722030893543783e-01 3.819726587593026856e+00 3.865701746299267327e+00 5.002887702163214545e-01 6.812300967655645856e+00 2.365635202926716474e+00 1.327274560926307023e+00 4.978071761439837317e+00 7.288959010563498264e-01 1.328243826268142858e+00 1.939809572705614826e+00 3.286949056137532743e+00 4.186993094487537093e+00 2.552132158391702710e+00 3.633741394275527448e+00 1.536101707510184378e+00 3.832668730447237770e+00 4.496317722335350986e+00 1.359364674433697795e+00 7.628947686701407216e-01 1.728917261248920090e+00 1.303604207484420074e+00 2.666492108725142973e+00 4.135871850207572531e-01 6.339032701148761273e-01 1.295437458360978900e+00 1.933309416512397627e+00
3.481518787570234696e-01 4.778872543133137751e-02 1.762845184281157884e+00 4.762716481706716909e-01 9.862638673666511702e-01 7.886568628933599001e-01 4.351492532454041218e+00 1.994860057378615159e-01 1.947382911231553271e+00 6.865021825316016679e-01 1.909652494679367374e+00 1.528570327074139090e+00 8.569508779704151369e-01 2.364918365374673481e+00 9.423107474663003913e-01 5.164518668368547338e-01 5.419101812621489600e-01 1.709307156545487372e+00 6.053773016608510887e-02 2.405643579577918523e-01 1.761656373262908470e+00 2.780363816868809401e-01 1.183956055460299028e+00 3.123351398494730091e+00 6.350248466822213667e-01 6.890131546483760916e-01 4.439163116651846930e-01 2.639063070202389283e-01 1.878981661868084074e-01 1.577133283195563118e+00 2.365180438588348366e+00 1.225929669221769602e+00 1.564430239128943301e+00 5.523067130492160359e+00 3.610989632282792239e-01 4.144450883924157836e-01 1.046806708811452324e+00 3.300861114832627230e-01 1.622782504385990254e+00 1.493865072792648130e+00 7.105730519076725038e-01 1.319045065613887235e+00 2.243564829204626854e+00 2.267077744661806449e+00 1.705736658261187699e+00 3.832238199130835632e+00 3.885327362371484572e+00 2.196698507880157081e-01 7.411566084336878024e-01 2.806095575912483930e-01 2.147178060549331580e+00 9.387087641370015501e-01 1.615537365242328383e+00 1.411030689061185450e+00 2.774793960824152528e+00 8.911918868995104548e-01 7.257510514468494822e-01 1.178437608710036555e+00 9.241370654179642541e-01 9.713285578104515761e-01 7.344699080865162433e-01 5.106774123468562632e-01 3.300298772961058891e-01 2.471783970740072112e-01 6.673771829323514870e-01 2.982492773783982504e-02 3.133069435670801095e-01 8.490993799749581017e-01 2.224420868879381508e-01 8.891651393456723174e-01 1.769895517780236016e+00 2.227745294183796965e+00 2.115181072376263405e+00 7.229972206147736724e-01 1.220251590849612544e+00 2.715941525751980334e-01 2.482455463164955078e-01 1.902359395189008040e-01 3.810496332715153089e-01 1.046318398464437111e-01 1.840175661609282642e-01 9.829670799045595597e-01 3.806483786895559440e+00 1.259340739049890912e-01 1.134292488745680672e+00 4.311046788746331515e+00 3.737439524863443996e+00 1.687118335420004778e-01 2.049758947460157632e+00 2.019930377895214346e-01 1.017203805384603088e+00 2.473801695346997676e+00 2.697235225319478125e-01 3.496503005261029640e-01 7.378931343988849312e-01 2.357632973631430540e-01 1.847818889169060563e-01 5.249864991370366551e-01 2.641398193032953867e-01 1.829603311443467772e+00 1.282540779240526341e+00 5.587957604872607620e-01 4.621580838114199841e-01 1.237178804535083110e+00 4.559672203240234256e-01 5.547423900058871121e-02 5.178066308266896511e-01 4.120038504781762256e-01 4.851749025745469984e-02 2.050751318341407503e-01 2.498212998344294111e-01 1.382717846738979794e+00 1.004298669942789823e+00 2.914085390109713014e-01 2.137296122342218219e+00 9.871009287356753426e-01 7.253286970895242991e-01 1.868972969295032760e+00 1.073019716326545497e-01 4.140203168764919339e-01 8.734174837006443148e-01 1.169972525513204964e+00 1.395627384390137893e+00 1.180609666220543419e+00 1.354357994776786089e+00 7.658320541997700737e-01 1.530751641445136979e+00 1.324387071892082934e+00 1.269592440618612983e+00 7.164942381923533610e-01 8.062073631745959590e-01 1.548516391623927513e-01 1.680815045117922901e+00 2.731784803824208741e-01 4.332242366760926111e-01 3.723096028569558569e-01 8.580245191838227203e-01
